20
-8.96654106221294
-19.368827932159093
-121.19706901259039
108.26614188831564
-21.506224620117962
90.8666292510868
-133.9631624122369
83.64897749351937
-36.7992108228716
76.49559443818771
-54.09715764055636
103.94114389333458
6.101996274068313
-115.43019330389117
62.69015713132805
113.44684475434246
108.58762154399398
-114.49736866641655
107.11430279616474
-92.91679932047848
9.596963328841866
-0.7239123692673957
-121.45836607203492
-17.705446034790725
-12.337046642431943
25.878167469633894
53.87994214914906
-132.7018024275532
-116.3378031374639
92.61204675288326
-28.466598584677257
63.88017995156824
112.6364373910447
43.0599375780414
139.80257776590975
100.7770283210929
58.68426138849679
-119.07042367759033
23.40273914266467
-15.656036237948825